Início da análise léxica
0 : 10
1 : 20
2 : c
3 : 0
4 : 30
5 : r
6 : 40
7 : n
8 : 50
9 : 100
10 : 60
11 : 1
12 : 70
13 : 80
14 : 110
15 : 120
[51, 0, (1, 1)]
[61, , (1, 4)]
[10, , (1, 25)]
[51, 1, (2, 1)]
[63, , (2, 4)]
[41, 2, (2, 8)]
[11, , (2, 10)]
[51, 3, (2, 12)]
[10, , (2, 13)]
[51, 4, (3, 1)]
[63, , (3, 4)]
[41, 5, (3, 8)]
[11, , (3, 10)]
[51, 3, (3, 12)]
[10, , (3, 13)]
[51, 6, (4, 1)]
[62, , (4, 4)]
[41, 7, (4, 10)]
[10, , (4, 11)]
[51, 8, (5, 1)]
[66, , (5, 4)]
[41, 7, (5, 7)]
[31, , (5, 9)]
[51, 3, (5, 12)]
[65, , (5, 14)]
[51, 9, (5, 19)]
[10, , (5, 22)]
[51, 10, (6, 1)]
[63, , (6, 4)]
[41, 2, (6, 8)]
[11, , (6, 10)]
[41, 2, (6, 12)]
[21, , (6, 14)]
[51, 11, (6, 16)]
[10, , (6, 17)]
[51, 12, (7, 1)]
[63, , (7, 4)]
[41, 5, (7, 8)]
[11, , (7, 10)]
[41, 5, (7, 12)]
[21, , (7, 14)]
[41, 7, (7, 16)]
[10, , (7, 17)]
[51, 13, (8, 1)]
[65, , (8, 4)]
[51, 6, (8, 9)]
[10, , (8, 11)]
[51, 9, (9, 1)]
[63, , (9, 5)]
[41, 5, (9, 9)]
[11, , (9, 11)]
[41, 5, (9, 13)]
[23, , (9, 14)]
[41, 2, (9, 15)]
[10, , (9, 16)]
[51, 14, (10, 1)]
[64, , (10, 5)]
[41, 5, (10, 11)]
[10, , (10, 12)]
[51, 15, (11, 1)]
[67, , (11, 5)]
[3, , (11, 7)]
Fim da análise léxica